[[[255   0   0]
  [255   0   0]
  [255   0   0]
  ...
  [255   0   0]
  [255   0   0]
  [255   0   0]]

 [[255   0   0]
  [255   0   0]
  [255   0   0]
  ...
  [255   0   0]
  [255   0   0]
  [255   0   0]]

 [[255   0   0]
  [255   0   0]
  [  3   5   7]
  ...
  [  3   3   3]
  [  3   2   4]
  [255   0   0]]

 ...

 [[ 13   8   9]
  [ 13   8   9]
  [ 13   8   9]
  ...
  [ 10   6   2]
  [ 10   6   2]
  [ 10   6   2]]

 [[ 13   9   5]
  [ 13   9   5]
  [ 13   9   5]
  ...
  [ 10   6   2]
  [ 10   6   2]
  [ 10   6   2]]

 [[ 13   9   5]
  [ 13   9   5]
  [ 13   9   5]
  ...
  [ 10   6   2]
  [ 10   6   2]
  [ 10   6   2]]][[[255   0   0]
  [255   0   0]
  [255   0   0]
  ...
  [255   0   0]
  [255   0   0]
  [255   0   0]]

 [[255   0   0]
  [255   0   0]
  [255   0   0]
  ...
  [255   0   0]
  [255   0   0]
  [255   0   0]]

 [[255   0   0]
  [255   0   0]
  [  3   5   7]
  ...
  [  4   4   4]
  [  4   4   4]
  [255   0   0]]

 ...

 [[ 14  10   6]
  [ 14  10   6]
  [ 14  10   6]
  ...
  [ 12   8   4]
  [ 12   8   4]
  [ 12   8   4]]

 [[ 14  10   6]
  [ 14  10   6]
  [ 14  10   6]
  ...
  [ 12   8   4]
  [ 12   8   4]
  [ 12   8   4]]

 [[ 14  10   6]
  [ 14  10   6]
  [ 14  10   6]
  ...
  [ 12   8   4]
  [ 12   8   4]
  [ 12   8   4]]][[[255   0   0]
  [255   0   0]
  [255   0   0]
  ...
  [255   0   0]
  [255   0   0]
  [255   0   0]]

 [[255   0   0]
  [255   0   0]
  [255   0   0]
  ...
  [255   0   0]
  [255   0   0]
  [255   0   0]]

 [[255   0   0]
  [255   0   0]
  [  6   8  10]
  ...
  [  0   0  12]
  [  0   0  12]
  [255   0   0]]

 ...

 [[ 16  12   8]
  [ 16  12   8]
  [ 16  12   8]
  ...
  [ 13   9   5]
  [ 13   9   5]
  [ 12   8   4]]

 [[ 16  12   8]
  [ 16  12   8]
  [ 16  12   8]
  ...
  [ 12   8   4]
  [ 12   8   4]
  [ 12   8   4]]

 [[ 16  12   8]
  [ 16  12   8]
  [ 16  12   8]
  ...
  [ 13   9   5]
  [ 14  10   6]
  [ 13   9   5]]][[[255   0   0]
  [255   0   0]
  [255   0   0]
  ...
  [255   0   0]
  [255   0   0]
  [255   0   0]]

 [[255   0   0]
  [255   0   0]
  [255   0   0]
  ...
  [255   0   0]
  [255   0   0]
  [255   0   0]]

 [[255   0   0]
  [255   0   0]
  [  5   7   9]
  ...
  [  5   5  12]
  [  3   3  10]
  [255   0   0]]

 ...

 [[ 19  11  11]
  [ 19  11  11]
  [ 19  11  11]
  ...
  [ 17   9   9]
  [ 16   8   8]
  [ 16   8   8]]

 [[ 19  13   8]
  [ 19  13   8]
  [ 19  13   8]
  ...
  [ 17   9   9]
  [ 16   8   8]
  [ 15   7   7]]

 [[ 19  13   8]
  [ 19  13   8]
  [ 19  13   8]
  ...
  [ 17   9   9]
  [ 16   8   8]
  [ 15   7   7]]][[[255   0   0]
  [255   0   0]
  [255   0   0]
  ...
  [255   0   0]
  [255   0   0]
  [255   0   0]]

 [[255   0   0]
  [255   0   0]
  [255   0   0]
  ...
  [255   0   0]
  [255   0   0]
  [255   0   0]]

 [[255   0   0]
  [255   0   0]
  [ 10  13  18]
  ...
  [  3   4  14]
  [  1   4  17]
  [255   0   0]]

 ...

 [[ 24  15  12]
  [ 24  15  12]
  [ 24  15  12]
  ...
  [ 17   9   9]
  [ 17   9   9]
  [ 16   8   8]]

 [[ 24  16  11]
  [ 24  16  11]
  [ 24  16  11]
  ...
  [ 17   9   9]
  [ 16   8   8]
  [ 15   7   7]]

 [[ 24  16  11]
  [ 24  16  11]
  [ 24  16  11]
  ...
  [ 17   9   9]
  [ 16   8   8]
  [ 16   8   8]]][[[255   0   0]
  [255   0   0]
  [255   0   0]
  ...
  [255   0   0]
  [255   0   0]
  [255   0   0]]

 [[255   0   0]
  [255   0   0]
  [255   0   0]
  ...
  [255   0   0]
  [255   0   0]
  [255   0   0]]

 [[255   0   0]
  [255   0   0]
  [  7   9  11]
  ...
  [  5   8  13]
  [  5   5  17]
  [255   0   0]]

 ...

 [[ 30  16  14]
  [ 30  16  14]
  [ 30  16  14]
  ...
  [ 21  11  11]
  [ 21  11  11]
  [ 20  10  10]]

 [[ 28  17  14]
  [ 28  17  14]
  [ 28  17  14]
  ...
  [ 21  11  11]
  [ 21  11  11]
  [ 21  11  11]]

 [[ 28  17  14]
  [ 28  17  14]
  [ 28  17  14]
  ...
  [ 21  11  11]
  [ 21  11  11]
  [ 21  11  11]]][[[255   0   0]
  [255   0   0]
  [255   0   0]
  ...
  [255   0   0]
  [255   0   0]
  [255   0   0]]

 [[255   0   0]
  [255   0   0]
  [255   0   0]
  ...
  [255   0   0]
  [255   0   0]
  [255   0   0]]

 [[255   0   0]
  [255   0   0]
  [  6   9  14]
  ...
  [  5   5  17]
  [  1   5  21]
  [255   0   0]]

 ...

 [[ 31  17  15]
  [ 31  17  15]
  [ 31  17  15]
  ...
  [ 21  11  11]
  [ 19   9   9]
  [ 18   8   8]]

 [[ 31  17  15]
  [ 31  17  15]
  [ 31  17  15]
  ...
  [ 23  13  13]
  [ 20  10  10]
  [ 19   9   9]]

 [[ 29  18  15]
  [ 29  18  15]
  [ 29  18  15]
  ...
  [ 23  13  13]
  [ 20  10  10]
  [ 19   9   9]]][[[255   0   0]
  [255   0   0]
  [255   0   0]
  ...
  [255   0   0]
  [255   0   0]
  [255   0   0]]

 [[255   0   0]
  [255   0   0]
  [255   0   0]
  ...
  [255   0   0]
  [255   0   0]
  [255   0   0]]

 [[255   0   0]
  [255   0   0]
  [ 15  18  23]
  ...
  [  0   1  24]
  [  0   1  24]
  [255   0   0]]

 ...

 [[ 30  19  16]
  [ 30  19  16]
  [ 30  19  16]
  ...
  [ 18   8   8]
  [ 18   8   8]
  [ 17   7   7]]

 [[ 30  20  15]
  [ 30  20  15]
  [ 30  20  15]
  ...
  [ 18   8   8]
  [ 18   8   8]
  [ 17   7   7]]

 [[ 30  20  15]
  [ 30  20  15]
  [ 30  20  15]
  ...
  [ 18   8   8]
  [ 18   8   8]
  [ 18   8   8]]][[[255   0   0]
  [255   0   0]
  [255   0   0]
  ...
  [255   0   0]
  [255   0   0]
  [255   0   0]]

 [[255   0   0]
  [255   0   0]
  [255   0   0]
  ...
  [255   0   0]
  [255   0   0]
  [255   0   0]]

 [[255   0   0]
  [255   0   0]
  [  8  11  16]
  ...
  [  0   1  24]
  [  0   1  30]
  [255   0   0]]

 ...

 [[ 30  20  15]
  [ 30  20  15]
  [ 32  19  15]
  ...
  [ 20   8   8]
  [ 17   7   7]
  [ 17   7   7]]

 [[ 30  19  16]
  [ 30  19  16]
  [ 30  19  16]
  ...
  [ 20   8   8]
  [ 18   8   8]
  [ 18   8   8]]

 [[ 30  19  16]
  [ 30  19  16]
  [ 30  19  16]
  ...
  [ 21   9   9]
  [ 19   9   9]
  [ 18   8   8]]][[[255   0   0]
  [255   0   0]
  [255   0   0]
  ...
  [255   0   0]
  [255   0   0]
  [255   0   0]]

 [[255   0   0]
  [255   0   0]
  [255   0   0]
  ...
  [255   0   0]
  [255   0   0]
  [255   0   0]]

 [[255   0   0]
  [255   0   0]
  [  1   4   9]
  ...
  [  1   3  24]
  [  0   1  33]
  [255   0   0]]

 ...

 [[ 32  21  18]
  [ 32  21  18]
  [ 34  20  18]
  ...
  [ 17   7   7]
  [ 17   7   7]
  [ 18   8   8]]

 [[ 32  23  15]
  [ 32  23  15]
  [ 34  22  15]
  ...
  [ 17   7   7]
  [ 17   7   7]
  [ 19   9   9]]

 [[ 32  23  15]
  [ 32  23  15]
  [ 34  22  15]
  ...
  [ 18   8   8]
  [ 18   8   8]
  [ 19   9   9]]][[[255   0   0]
  [255   0   0]
  [255   0   0]
  ...
  [255   0   0]
  [255   0   0]
  [255   0   0]]

 [[255   0   0]
  [255   0   0]
  [255   0   0]
  ...
  [255   0   0]
  [255   0   0]
  [255   0   0]]

 [[255   0   0]
  [255   0   0]
  [  6   6  13]
  ...
  [  3   5  12]
  [  1   4  15]
  [255   0   0]]

 ...

 [[ 32  22  17]
  [ 33  22  19]
  [ 33  22  19]
  ...
  [ 22  10  10]
  [ 21   9   9]
  [ 20   8   8]]

 [[ 33  23  18]
  [ 33  22  19]
  [ 33  22  19]
  ...
  [ 22  10  10]
  [ 21   9   9]
  [ 20   8   8]]

 [[ 33  24  16]
  [ 33  23  18]
  [ 33  23  18]
  ...
  [ 23  11  11]
  [ 21   9   9]
  [ 20   8   8]]][[[255   0   0]
  [255   0   0]
  [255   0   0]
  ...
  [255   0   0]
  [255   0   0]
  [255   0   0]]

 [[255   0   0]
  [255   0   0]
  [255   0   0]
  ...
  [255   0   0]
  [255   0   0]
  [255   0   0]]

 [[255   0   0]
  [255   0   0]
  [  4   5  15]
  ...
  [ 10   9  26]
  [ 10   9  26]
  [255   0   0]]

 ...

 [[ 35  22  18]
  [ 35  22  18]
  [ 37  21  19]
  ...
  [ 20   8   8]
  [ 20   8   8]
  [ 19   9   9]]

 [[ 35  22  18]
  [ 35  22  18]
  [ 37  21  19]
  ...
  [ 19   7   7]
  [ 20   8   8]
  [ 19   9   9]]

 [[ 36  23  19]
  [ 36  23  19]
  [ 38  22  20]
  ...
  [ 20   8   8]
  [ 20   8   8]
  [ 18   8   8]]][[[255   0   0]
  [255   0   0]
  [255   0   0]
  ...
  [255   0   0]
  [255   0   0]
  [255   0   0]]

 [[255   0   0]
  [255   0   0]
  [255   0   0]
  ...
  [255   0   0]
  [255   0   0]
  [255   0   0]]

 [[255   0   0]
  [255   0   0]
  [  0   0  11]
  ...
  [ 14  14  26]
  [ 12  12  24]
  [255   0   0]]

 ...

 [[ 38  23  19]
  [ 38  23  19]
  [ 38  22  20]
  ...
  [ 19   9   9]
  [ 20  10  10]
  [ 20  10  10]]

 [[ 36  23  19]
  [ 36  23  19]
  [ 38  22  20]
  ...
  [ 19   9   9]
  [ 20  10  10]
  [ 20  10  10]]

 [[ 36  23  19]
  [ 36  23  19]
  [ 38  22  20]
  ...
  [ 19   9   9]
  [ 20  10  10]
  [ 20  10  10]]][[[255   0   0]
  [255   0   0]
  [255   0   0]
  ...
  [255   0   0]
  [255   0   0]
  [255   0   0]]

 [[255   0   0]
  [255   0   0]
  [255   0   0]
  ...
  [255   0   0]
  [255   0   0]
  [255   0   0]]

 [[255   0   0]
  [255   0   0]
  [  4   4  16]
  ...
  [ 20  24  26]
  [ 19  22  27]
  [255   0   0]]

 ...

 [[ 43  28  24]
  [ 41  25  23]
  [ 40  24  22]
  ...
  [ 26  14  14]
  [ 23  13  13]
  [ 23  13  13]]

 [[ 41  25  23]
  [ 40  24  22]
  [ 39  23  21]
  ...
  [ 21  11  11]
  [ 19   9   9]
  [ 20  10  10]]

 [[ 40  24  22]
  [ 40  24  22]
  [ 39  23  21]
  ...
  [ 20  10  10]
  [ 19   9   9]
  [ 20  10  10]]][[[255   0   0]
  [255   0   0]
  [255   0   0]
  ...
  [255   0   0]
  [255   0   0]
  [255   0   0]]

 [[255   0   0]
  [255   0   0]
  [255   0   0]
  ...
  [255   0   0]
  [255   0   0]
  [255   0   0]]

 [[255   0   0]
  [255   0   0]
  [  0   2   7]
  ...
  [ 10   9  26]
  [ 10   9  26]
  [255   0   0]]

 ...

 [[ 39  25  23]
  [ 39  25  23]
  [ 41  25  23]
  ...
  [ 23  13  13]
  [ 23  13  13]
  [ 25  16  13]]

 [[ 38  25  21]
  [ 38  25  21]
  [ 41  26  22]
  ...
  [ 25  15  15]
  [ 25  15  15]
  [ 26  17  14]]

 [[ 38  25  21]
  [ 38  25  21]
  [ 41  26  22]
  ...
  [ 26  16  16]
  [ 28  18  18]
  [ 28  19  16]]][[[255   0   0]
  [255   0   0]
  [255   0   0]
  ...
  [255   0   0]
  [255   0   0]
  [255   0   0]]

 [[255   0   0]
  [255   0   0]
  [255   0   0]
  ...
  [255   0   0]
  [255   0   0]
  [255   0   0]]

 [[255   0   0]
  [255   0   0]
  [  1   1   8]
  ...
  [ 35  39  41]
  [ 41  45  47]
  [255   0   0]]

 ...

 [[ 44  29  25]
  [ 43  28  24]
  [ 43  28  24]
  ...
  [ 27  18  15]
  [ 25  16  13]
  [ 23  16  13]]

 [[ 43  28  24]
  [ 43  28  24]
  [ 43  28  24]
  ...
  [ 25  16  13]
  [ 24  15  12]
  [ 22  15  12]]

 [[ 43  27  25]
  [ 43  28  24]
  [ 43  28  24]
  ...
  [ 19  12   9]
  [ 21  14  11]
  [ 21  14  11]]][[[255   0   0]
  [255   0   0]
  [255   0   0]
  ...
  [255   0   0]
  [255   0   0]
  [255   0   0]]

 [[255   0   0]
  [255   0   0]
  [255   0   0]
  ...
  [255   0   0]
  [255   0   0]
  [255   0   0]]

 [[255   0   0]
  [255   0   0]
  [  1   1  13]
  ...
  [ 17  22  22]
  [ 18  23  23]
  [255   0   0]]

 ...

 [[ 56  38  35]
  [ 53  35  32]
  [ 43  33  28]
  ...
  [ 47  32  28]
  [ 39  25  23]
  [ 39  25  23]]

 [[ 50  35  31]
  [ 46  31  27]
  [ 37  30  27]
  ...
  [ 47  31  29]
  [ 43  29  27]
  [ 42  28  26]]

 [[ 46  31  27]
  [ 45  30  26]
  [ 35  28  25]
  ...
  [ 46  30  28]
  [ 43  29  27]
  [ 42  28  26]]][[[255   0   0]
  [255   0   0]
  [255   0   0]
  ...
  [255   0   0]
  [255   0   0]
  [255   0   0]]

 [[255   0   0]
  [255   0   0]
  [255   0   0]
  ...
  [255   0   0]
  [255   0   0]
  [255   0   0]]

 [[255   0   0]
  [255   0   0]
  [  0   3   8]
  ...
  [ 13  18  18]
  [ 17  22  22]
  [255   0   0]]

 ...

 [[ 54  36  33]
  [ 55  35  32]
  [ 54  34  31]
  ...
  [ 44  30  28]
  [ 43  29  27]
  [ 41  30  27]]

 [[ 52  33  32]
  [ 50  32  29]
  [ 49  31  28]
  ...
  [ 39  28  25]
  [ 39  28  25]
  [ 34  25  22]]

 [[ 49  30  29]
  [ 49  31  28]
  [ 48  30  27]
  ...
  [ 36  25  22]
  [ 36  25  22]
  [ 32  23  20]]][[[255   0   0]
  [255   0   0]
  [255   0   0]
  ...
  [255   0   0]
  [255   0   0]
  [255   0   0]]

 [[255   0   0]
  [255   0   0]
  [255   0   0]
  ...
  [255   0   0]
  [255   0   0]
  [255   0   0]]

 [[255   0   0]
  [255   0   0]
  [  0   3   3]
  ...
  [ 24  28  30]
  [ 32  35  40]
  [255   0   0]]

 ...

 [[ 44  29  25]
  [ 44  29  25]
  [ 44  29  25]
  ...
  [ 21  14  11]
  [ 22  15  12]
  [ 23  16  13]]

 [[ 44  29  25]
  [ 44  29  25]
  [ 44  29  25]
  ...
  [ 21  14  11]
  [ 22  15  12]
  [ 24  17  14]]

 [[ 46  31  18]
  [ 46  31  18]
  [ 46  31  18]
  ...
  [ 23  16  13]
  [ 24  17  14]
  [ 28  21  18]]][[[255   0   0]
  [255   0   0]
  [255   0   0]
  ...
  [255   0   0]
  [255   0   0]
  [255   0   0]]

 [[255   0   0]
  [255   0   0]
  [255   0   0]
  ...
  [255   0   0]
  [255   0   0]
  [255   0   0]]

 [[255   0   0]
  [255   0   0]
  [  0   3   3]
  ...
  [ 43  46  51]
  [ 50  53  58]
  [255   0   0]]

 ...

 [[ 47  29  19]
  [ 47  29  19]
  [ 47  29  19]
  ...
  [ 24  14  14]
  [ 28  18  18]
  [ 34  23  20]]

 [[ 48  30  20]
  [ 47  29  19]
  [ 48  30  20]
  ...
  [ 26  16  16]
  [ 30  20  20]
  [ 36  25  22]]

 [[ 48  31  18]
  [ 48  30  20]
  [ 48  30  20]
  ...
  [ 30  19  16]
  [ 33  22  19]
  [ 41  25  23]]][[[255   0   0]
  [255   0   0]
  [255   0   0]
  ...
  [255   0   0]
  [255   0   0]
  [255   0   0]]

 [[255   0   0]
  [255   0   0]
  [255   0   0]
  ...
  [255   0   0]
  [255   0   0]
  [255   0   0]]

 [[255   0   0]
  [255   0   0]
  [  0   3   5]
  ...
  [ 19  24  24]
  [ 21  26  26]
  [255   0   0]]

 ...

 [[ 47  29  19]
  [ 47  29  19]
  [ 48  30  20]
  ...
  [ 19  12   9]
  [ 21  14  11]
  [ 27  17  17]]

 [[ 48  30  20]
  [ 47  29  19]
  [ 48  30  20]
  ...
  [ 21  14  11]
  [ 22  15  12]
  [ 28  18  18]]

 [[ 48  31  18]
  [ 48  30  20]
  [ 48  30  20]
  ...
  [ 23  14  11]
  [ 25  16  13]
  [ 34  20  18]]][[[255   0   0]
  [255   0   0]
  [255   0   0]
  ...
  [255   0   0]
  [255   0   0]
  [255   0   0]]

 [[255   0   0]
  [255   0   0]
  [255   0   0]
  ...
  [255   0   0]
  [255   0   0]
  [255   0   0]]

 [[255   0   0]
  [255   0   0]
  [  0   2   8]
  ...
  [  5   9  11]
  [  8  12  14]
  [255   0   0]]

 ...

 [[ 45  29  21]
  [ 46  30  22]
  [ 46  30  22]
  ...
  [ 27  17  12]
  [ 25  15  10]
  [ 19  12   9]]

 [[ 45  29  21]
  [ 45  29  21]
  [ 45  29  21]
  ...
  [ 27  17  12]
  [ 23  13   8]
  [ 18  11   8]]

 [[ 47  29  19]
  [ 48  30  20]
  [ 48  30  22]
  ...
  [ 25  15  10]
  [ 22  12   7]
  [ 18  11   8]]][[[255   0   0]
  [255   0   0]
  [255   0   0]
  ...
  [255   0   0]
  [255   0   0]
  [255   0   0]]

 [[255   0   0]
  [255   0   0]
  [255   0   0]
  ...
  [255   0   0]
  [255   0   0]
  [255   0   0]]

 [[255   0   0]
  [255   0   0]
  [  0   4   6]
  ...
  [  6  10  12]
  [ 11  15  17]
  [255   0   0]]

 ...

 [[ 48  30  22]
  [ 48  30  22]
  [ 48  30  22]
  ...
  [ 28  15  11]
  [ 24  11   7]
  [ 20  11   8]]

 [[ 48  30  22]
  [ 48  30  22]
  [ 48  30  22]
  ...
  [ 24  11   7]
  [ 22   9   5]
  [ 18   9   6]]

 [[ 48  30  22]
  [ 48  30  22]
  [ 48  30  22]
  ...
  [ 27  14  10]
  [ 24  11   7]
  [ 20  11   8]]][[[255   0   0]
  [255   0   0]
  [255   0   0]
  ...
  [255   0   0]
  [255   0   0]
  [255   0   0]]

 [[255   0   0]
  [255   0   0]
  [255   0   0]
  ...
  [255   0   0]
  [255   0   0]
  [255   0   0]]

 [[255   0   0]
  [255   0   0]
  [  0   3   8]
  ...
  [  3   2  19]
  [  1   0  17]
  [255   0   0]]

 ...

 [[ 45  27  24]
  [ 45  27  24]
  [ 45  27  24]
  ...
  [ 37  24  20]
  [ 36  26  21]
  [ 36  26  21]]

 [[ 45  27  24]
  [ 45  27  24]
  [ 45  27  24]
  ...
  [ 37  24  20]
  [ 35  25  20]
  [ 36  26  21]]

 [[ 45  28  22]
  [ 45  28  22]
  [ 45  27  24]
  ...
  [ 37  24  20]
  [ 37  24  20]
  [ 38  25  21]]][[[255   0   0]
  [255   0   0]
  [255   0   0]
  ...
  [255   0   0]
  [255   0   0]
  [255   0   0]]

 [[255   0   0]
  [255   0   0]
  [255   0   0]
  ...
  [255   0   0]
  [255   0   0]
  [255   0   0]]

 [[255   0   0]
  [255   0   0]
  [  1   4   9]
  ...
  [  0   0  16]
  [  1   1  15]
  [255   0   0]]

 ...

 [[ 45  27  24]
  [ 45  27  24]
  [ 45  27  24]
  ...
  [ 38  25  21]
  [ 36  23  19]
  [ 35  22  18]]

 [[ 45  27  24]
  [ 45  27  24]
  [ 45  27  24]
  ...
  [ 38  25  21]
  [ 36  23  19]
  [ 35  22  18]]

 [[ 46  28  25]
  [ 46  28  25]
  [ 46  28  25]
  ...
  [ 38  25  21]
  [ 36  23  19]
  [ 35  22  18]]][[[255   0   0]
  [255   0   0]
  [255   0   0]
  ...
  [255   0   0]
  [255   0   0]
  [255   0   0]]

 [[255   0   0]
  [255   0   0]
  [255   0   0]
  ...
  [255   0   0]
  [255   0   0]
  [255   0   0]]

 [[255   0   0]
  [255   0   0]
  [ 17  18  23]
  ...
  [  0   0  12]
  [  1   1  13]
  [255   0   0]]

 ...

 [[ 45  28  22]
  [ 45  28  22]
  [ 45  27  24]
  ...
  [ 37  24  20]
  [ 35  22  18]
  [ 31  18  14]]

 [[ 46  29  23]
  [ 46  29  23]
  [ 46  28  25]
  ...
  [ 36  23  19]
  [ 35  22  18]
  [ 29  16  12]]

 [[ 46  29  23]
  [ 46  29  23]
  [ 46  28  25]
  ...
  [ 37  24  20]
  [ 34  21  17]
  [ 29  16  12]]][[[255   0   0]
  [255   0   0]
  [255   0   0]
  ...
  [255   0   0]
  [255   0   0]
  [255   0   0]]

 [[255   0   0]
  [255   0   0]
  [255   0   0]
  ...
  [255   0   0]
  [255   0   0]
  [255   0   0]]

 [[255   0   0]
  [255   0   0]
  [ 24  25  30]
  ...
  [  1   0  17]
  [  1   1  13]
  [255   0   0]]

 ...

 [[ 43  25  22]
  [ 43  25  22]
  [ 43  25  22]
  ...
  [ 37  24  20]
  [ 36  23  19]
  [ 35  22  18]]

 [[ 45  28  22]
  [ 45  28  22]
  [ 45  27  24]
  ...
  [ 35  25  20]
  [ 34  24  19]
  [ 33  23  18]]

 [[ 45  28  22]
  [ 45  28  22]
  [ 45  27  24]
  ...
  [ 35  25  20]
  [ 34  24  19]
  [ 32  22  17]]][[[255   0   0]
  [255   0   0]
  [255   0   0]
  ...
  [255   0   0]
  [255   0   0]
  [255   0   0]]

 [[255   0   0]
  [255   0   0]
  [255   0   0]
  ...
  [255   0   0]
  [255   0   0]
  [255   0   0]]

 [[255   0   0]
  [255   0   0]
  [ 17  18  23]
  ...
  [  1   1  13]
  [  1   1  13]
  [255   0   0]]

 ...

 [[ 43  25  22]
  [ 43  25  22]
  [ 43  25  22]
  ...
  [ 36  23  19]
  [ 35  22  18]
  [ 28  17  14]]

 [[ 45  28  22]
  [ 45  27  24]
  [ 45  27  24]
  ...
  [ 34  24  19]
  [ 32  22  17]
  [ 27  16  13]]

 [[ 45  28  22]
  [ 45  27  24]
  [ 45  27  24]
  ...
  [ 34  24  19]
  [ 30  20  15]
  [ 27  16  13]]]